% -------------------------------------------------------------------
%  MATLAB file generated by Simulink.saveVars on 17-Nov-2011 15:01:03
%  MATLAB version: 7.13.0.564 (R2011b)
% -------------------------------------------------------------------
                                         

Cl0 = 0.000591;

Cl_alpha2_dpt = -0.01406;

Cl_beta = -0.0618;

Cl_da = -0.09917;

Cl_da_alpha = -0.08269;

Cl_dr = 0.006934;

Cl_p = -0.5045;

Cl_r = 0.1695;

Cm0 = 0.09448;

Cm_alpha = -0.6028;

Cm_alpha2 = -2.14;

Cm_beta2 = 0.6921;

Cm_de = -1.921;

Cm_df = 0.4072;

Cm_dpt = -0.07895;

Cm_q = -15.56;

Cm_r = -0.3118;

Cn0 = -0.003117;

Cn_beta = 0.006719;

Cn_beta3 = 0.1373;

Cn_da = -0.003872;

Cn_dpt3 = -0.003026;

Cn_dr = -0.08265;

Cn_p = -0.1585;

Cn_q = 0.1595;

Cn_r = -0.1112;

Cx0 = -0.03554;

Cx_alpha = 0.00292;

Cx_alpha2 = 5.459;

Cx_alpha3 = -5.162;

Cx_df = -0.09447;

Cx_df_alpha = 1.106;

Cx_dpt = 0.1161;

Cx_dpt2_alpha = 0.1453;

Cx_dr = 0.03412;

Cx_q = -0.6748;

Cy0 = -0.002226;

Cy_beta = -0.7678;

Cy_da = -0.02956;

Cy_dr = 0.1158;

Cy_dr_alpha = 0.5238;

Cy_p = -0.124;

Cy_r = 0.3666;

Cz0 = -0.05504;

Cz_alpha = -5.578;

Cz_alpha3 = 3.442;

Cz_de = -0.398;

Cz_de_beta = -15.93;

Cz_df = -1.377;

Cz_df_alpha = -1.261;

Cz_dpt = -0.1563;

Cz_q = -2.988;

ans = [63 1];

beaver_S = 23.23;

beaver_b = 14.63;

beaver_c = 1.5875;

beaver_init_p = 0;

beaver_init_pitch = 0.13029612884988592;

beaver_init_q = 0;

beaver_init_r = 0;

beaver_mass = 2288.231;

heading0 = 113;

uaero0 = [-0.031765697907092105; -0.032021015966288438; -0.036518036926440747; ...
          0];

xme_0 = [-8500 0 -2202];

beaver_init_roll = 0;

