%% トランスミッションデータファイル
% controller/transmission_control

TWAIT = 2;

downtab = ...
  [0 5 20 35;
   0 5 20 35;
   0 5 25 40;
   0 5 30 50;
   0 30 50 80;
   0 30 50 80];

downth = [0; 5; 40; 50; 90; 100];

uptab = ...
  [10 30 50 1.0E+6;
   10 30 50 1.0E+6;
   15 30 50 1.0E+6;
   23 41 60 1.0E+6;
   40 70 100 1.0E+6;
   40 70 100 1.0E+6];

upth = [0; 25; 35; 50; 90; 100];
